1
2
7
8
9
10
11
14
15
17
16
19
18
20
22
25
24
27
26
30
34
35
32
33
38
36
37
42
43
41
46
44
45
48
53
52
59
58
63
62
61
60
68
71
64
65
76
78
79
72
73
74
75
85
84
87
81
80
83
82
93
92
94
89
88
91
90
103
98
99
96
111
108
109
106
105
119
113
112
127
126
125
124
120
136
139
138
140
129
133
135
153
155
156
157
149
170
169
168
175
163
167
166
164
184
191
189
177
182
183
205
206
197
192
221
222
217
218
219
212
213
215
210
211
237
236
235
234
233
232
231
230
228
227
226
225
224
254
255
253
250
251
249
246
247
244
245
242
243
240
241
275
274
273
272
279
277
276
283
282
281
280
287
286
285
284
258
259
256
257
262
263
260
266
267
264
265
270
271
268
269
305
304
307
306
308
311
310
313
312
315
314
317
316
318
288
289
291
292
293
294
296
297
299
301
302
303
342
341
340
339
338
337
336
351
350
349
348
347
346
345
344
326
327
324
325
323
320
334
332
333
330
331
328
329
375
374
369
368
371
370
380
383
382
376
379
378
356
358
359
352
353
365
366
367
360
361
362
363
410
408
409
414
415
413
402
403
400
401
406
407
405
395
393
392
399
398
397
396
387
386
385
384
391
390
389
388
440
441
442
443
444
445
446
447
432
433
436
437
438
439
425
427
429
428
431
430
417
419
418
421
420
422
478
479
476
477
474
475
473
470
471
468
469
466
467
464
465
463
461
459
458
457
456
455
454
453
451
450
449
508
509
510
511
504
505
506
507
500
501
502
496
498
499
493
492
495
494
489
491
490
485
484
487
481
480
483
482
550
551
549
546
544
558
556
557
554
555
552
553
567
566
565
564
575
574
573
572
571
570
568
516
517
519
512
513
514
515
524
533
532
535
534
529
528
531
530
540
543
542
537
536
539
538
610
611
608
609
614
612
613
618
619
616
617
622
621
627
626
625
624
631
629
628
635
634
633
632
639
638
637
636
576
578
579
580
581
584
585
586
587
588
589
590
591
593
592
595
594
599
601
600
603
602
605
604
607
606
687
686
685
684
683
682
681
680
679
677
676
675
674
673
672
702
700
701
698
699
696
697
694
695
692
693
690
691
688
689
652
655
654
649
651
650
645
644
647
646
641
640
643
642
668
669
670
671
664
665
666
667
660
661
662
663
656
658
659
746
744
738
736
743
742
741
740
762
760
761
766
767
764
765
754
755
753
758
759
713
712
716
718
704
707
706
709
708
710
728
729
731
732
733
734
735
720
721
724
725
726
821
820
822
817
819
829
831
824
804
805
806
807
801
802
803
813
808
809
810
811
791
790
788
787
785
784
799
796
793
774
775
772
771
768
780
781
779
777
881
880
883
886
889
888
893
892
864
865
866
867
868
870
871
876
878
879
851
849
855
853
852
859
857
856
863
862
861
860
834
835
832
833
838
839
836
842
843
840
841
844
845
956
957
958
959
953
954
948
950
951
944
946
947
941
940
942
937
936
939
933
935
929
928
931
930
927
924
925
922
923
920
918
919
916
914
915
912
913
911
909
908
907
906
905
904
903
901
900
898
1022
1012
1015
1003
1005
1004
1006
993
992
995
994
997
996
999
998
986
987
985
991
989
978
979
976
977
982
983
980
969
968
975
974
972
963
960
967
966
965
964
1102
1103
1096
1117
1116
1119
1118
1113
1112
1115
1114
1109
1108
1111
1110
1105
1104
1107
1134
1135
1132
1130
1131
1129
1126
1127
1125
1122
1123
1120
1121
1151
1149
1148
1147
1146
1145
1144
1142
1141
1140
1139
1138
1137
1136
1039
1026
1048
1055
1054
1044
1046
1064
1071
1060
1081
1087
1086
1085
1074
1073
1221
1220
1217
1216
1219
1228
1230
1224
1227
1226
1237
1238
1239
1232
1233
1235
1244
1246
1247
1240
1242
1243
1255
1253
1252
1250
1249
1263
1261
1260
1259
1257
1256
1270
1271
1266
1267
1264
1279
1276
1274
1275
1272
1273
1153
1152
1155
1157
1156
1159
1158
1161
1160
1163
1162
1165
1164
1167
1166
1169
1170
1172
1173
1174
1175
1176
1177
1179
1180
1181
1183
1187
1184
1191
1190
1189
1188
1195
1192
1198
1196
1202
1200
1201
1210
1208
1214
1215
1212
1213
1375
1374
1373
1372
1370
1369
1367
1366
1365
1364
1362
1360
1358
1359
1356
1357
1354
1355
1352
1353
1350
1349
1346
1347
1345
1405
1404
1407
1406
1401
1400
1397
1399
1398
1393
1392
1395
1394
1388
1389
1390
1391
1384
1385
1386
1387
1380
1381
1382
1383
1376
1378
1379
1307
1306
1305
1304
1311
1310
1309
1298
1297
1296
1303
1300
1290
1291
1288
1289
1292
1293
1282
1283
1280
1281
1337
1336
1339
1338
1341
1340
1343
1329
1328
1331
1330
1335
1334
1320
1321
1322
1323
1324
1325
1327
1313
1315
1316
1317
1318
1319
1494
1492
1493
1490
1491
1502
1503
1501
1498
1499
1478
1475
